1           1    -0.16692
1           2    -0.17288
1           3    -0.17476
1           4    -0.17231
1           5    -0.16543
1           6    -0.15416
1           7    -0.13873
1           8    -0.11954
1           9   -0.097152
1          10   -0.072289
1          11   -0.045829
1          12   -0.018775
1          13   0.0077705
1          14    0.032639
1          15    0.054637
1          16    0.072597
1          17    0.085426
1          18    0.092165
1          19     0.09204
1          20    0.084516
1          21    0.069342
1          22    0.046584
1          23    0.016643
1          24   -0.019737
1          25   -0.061486
1          26    -0.10723
1          27    -0.15535
1          28    -0.20403
1          29    -0.25132
1          30    -0.29524
1          31    -0.33385
2           1    -0.12236
2           2    -0.12171
2           3    -0.11674
2           4    -0.10725
2           5   -0.093198
2           6   -0.074694
2           7   -0.052031
2           8   -0.025672
2           9   0.0037447
2          10    0.035413
2          11    0.068373
2          12     0.10153
2          13     0.13367
2          14     0.16352
2          15     0.18975
2          16     0.21107
2          17     0.22624
2          18     0.23418
2          19     0.23398
2          20     0.22499
2          21      0.2069
2          22     0.17971
2          23     0.14382
2          24     0.10002
2          25    0.049451
2          26  -0.0063769
2          27   -0.065673
2          28    -0.12641
2          29    -0.18641
2          30    -0.24343
2          31    -0.29524
3           1   -0.076557
3           2   -0.069667
3           3   -0.058256
3           4   -0.042178
3           5   -0.021437
3           6   0.0037995
3           7    0.033193
3           8     0.06623
3           9     0.10222
3          10      0.1403
3          11     0.17945
3          12     0.21849
3          13     0.25614
3          14       0.291
3          15     0.32165
3          16     0.34665
3          17     0.36462
3          18     0.37432
3          19     0.37469
3          20     0.36497
3          21     0.34471
3          22     0.31386
3          23     0.27278
3          24     0.22227
3          25     0.16355
3          26    0.098233
3          27    0.028268
3          28   -0.044117
3          29    -0.11651
3          30    -0.18641
3          31    -0.25132
4           1   -0.031716
4           2   -0.019156
4           3  -0.0019392
4           4    0.020042
4           5    0.046747
4           6    0.077974
4           7     0.11335
4           8     0.15234
4           9     0.19423
4          10     0.23811
4          11     0.28294
4          12     0.32749
4          13     0.37042
4          14     0.41025
4          15     0.44545
4          16     0.47443
4          17     0.49568
4          18     0.50778
4          19     0.50949
4          20     0.49989
4          21      0.4784
4          22     0.44484
4          23     0.39953
4          24     0.34326
4          25     0.27728
4          26     0.20331
4          27     0.12344
4          28    0.040085
4          29   -0.044117
4          30    -0.12641
4          31    -0.20403
5           1    0.010073
5           2    0.027526
5           3    0.049705
5           4    0.076691
5           5     0.10842
5           6     0.14467
5           7     0.18506
5           8     0.22905
5           9     0.27593
5          10      0.3248
5          11      0.3746
5          12     0.42411
5          13     0.47195
5          14     0.51659
5          15     0.55639
5          16     0.58966
5          17     0.61471
5          18     0.62991
5          19     0.63384
5          20     0.62536
5          21     0.60371
5          22     0.56858
5          23     0.52019
5          24     0.45929
5          25     0.38717
5          26     0.30561
5          27     0.21683
5          28     0.12344
5          29    0.028268
5          30   -0.065673
5          31    -0.15535
6           1    0.046925
6           2    0.068317
6           3    0.094433
6           4     0.12533
6           5     0.16094
6           6     0.20104
6           7     0.24527
6           8      0.2931
6           9     0.34384
6          10     0.39666
6          11     0.45053
6          12     0.50427
6          13     0.55649
6          14     0.60566
6          15     0.65007
6          16     0.68791
6          17     0.71729
6          18     0.73638
6          19     0.74351
6          20     0.73728
6          21     0.71671
6          22      0.6813
6          23     0.63116
6          24     0.56695
6          25     0.48998
6          26     0.40208
6          27     0.30561
6          28     0.20331
6          29    0.098233
6          30  -0.0063769
6          31    -0.10723
7           1    0.077246
7           2     0.10148
7           3     0.13036
7           4     0.16392
7           5     0.20211
7           6     0.24471
7           7      0.2914
7           8      0.3417
7           9       0.395
7          10     0.45052
7          11     0.50734
7          12     0.56436
7          13     0.62028
7          14     0.67357
7          15     0.72252
7          16     0.76518
7          17     0.79949
7          18     0.82335
7          19     0.83478
7          20     0.83206
7          21     0.81393
7          22     0.77968
7          23     0.72923
7          24     0.66318
7          25      0.5828
7          26     0.48998
7          27     0.38717
7          28     0.27728
7          29     0.16355
7          30    0.049451
7          31   -0.061486
8           1    0.099804
8           2     0.12569
8           3     0.15604
8           4     0.19091
8           5     0.23024
8           6     0.27386
8           7     0.32148
8           8     0.37272
8           9     0.42705
8          10     0.48382
8          11     0.54227
8          12     0.60142
8          13     0.66014
8          14     0.71702
8          15     0.77033
8          16     0.81808
8          17     0.85796
8          18     0.88757
8          19     0.90451
8          20     0.90671
8          21     0.89253
8          22     0.86097
8          23     0.81178
8          24     0.74544
8          25     0.66318
8          26     0.56695
8          27     0.45929
8          28     0.34326
8          29     0.22227
8          30     0.10002
8          31   -0.019737
9           1     0.11379
9           2     0.14008
9           3     0.17056
9           4      0.2053
9           5     0.24426
9           6     0.28731
9           7     0.33424
9           8     0.38473
9           9     0.43841
9          10     0.49479
9          11      0.5533
9          12     0.61321
9          13     0.67362
9          14     0.73333
9          15     0.79075
9          16     0.84382
9          17     0.89002
9          18      0.9265
9          19     0.95037
9          20     0.95902
9          21     0.95039
9          22     0.92315
9          23     0.87682
9          24     0.81178
9          25     0.72923
9          26     0.63116
9          27     0.52019
9          28     0.39953
9          29     0.27278
9          30     0.14382
9          31    0.016643
10           1     0.11887
10           2     0.14429
10           3     0.17356
10           4     0.20673
10           5     0.24378
10           6     0.28464
10           7     0.32916
10           8     0.37715
10           9     0.42836
10          10     0.48251
10          11     0.53928
10          12     0.59827
10          13     0.65896
10          14     0.72052
10          15     0.78165
10          16     0.84032
10          17     0.89373
10          18     0.93844
10          19     0.97086
10          20     0.98767
10          21     0.98629
10          22     0.96501
10          23     0.92315
10          24     0.86097
10          25     0.77968
10          26      0.6813
10          27     0.56858
10          28     0.44484
10          29     0.31386
10          30     0.17971
10          31    0.046584
11           1     0.11517
11           2     0.13852
11           3     0.16527
11           4     0.19546
11           5     0.22911
11           6     0.26617
11           7     0.30659
11           8     0.35026
11           9     0.39709
11          10     0.44701
11          11         0.5
11          12     0.55607
11          13     0.61522
11          14     0.67727
11          15     0.74148
11          16     0.80606
11          17     0.86787
11          18     0.92259
11          19     0.96551
11          20     0.99239
11          21           1
11          22     0.98629
11          23     0.95039
11          24     0.89253
11          25     0.81393
11          26     0.71671
11          27     0.60371
11          28      0.4784
11          29     0.34471
11          30      0.2069
11          31    0.069342
12           1     0.10329
12           2     0.12346
12           3     0.14648
12           4      0.1724
12           5     0.20125
12           6     0.23302
12           7      0.2677
12           8     0.30529
12           9     0.34581
12          10      0.3894
12          11     0.43632
12          12     0.48704
12          13     0.54226
12          14     0.60278
12          15     0.66903
12          16     0.73994
12          17     0.81195
12          18     0.87915
12          19     0.93503
12          20     0.97408
12          21     0.99239
12          22     0.98767
12          23     0.95902
12          24     0.90671
12          25     0.83206
12          26     0.73728
12          27     0.62536
12          28     0.49989
12          29     0.36497
12          30     0.22499
12          31    0.084516
13           1    0.084269
13           2     0.10031
13           3     0.11856
13           4     0.13907
13           5     0.16189
13           6     0.18702
13           7      0.2145
13           8     0.24437
13           9     0.27675
13          10      0.3119
13          11     0.35028
13          12     0.39278
13          13     0.44082
13          14     0.49665
13          15     0.56292
13          16     0.64072
13          17     0.72604
13          18     0.80962
13          19     0.88165
13          20     0.93503
13          21     0.96551
13          22     0.97086
13          23     0.95037
13          24     0.90451
13          25     0.83478
13          26     0.74351
13          27     0.63384
13          28     0.50949
13          29     0.37469
13          30     0.23398
13          31     0.09204
14           1    0.059526
14           2    0.070662
14           3    0.083315
14           4    0.097524
14           5     0.11332
14           6     0.13073
14           7     0.14978
14           8     0.17055
14           9     0.19317
14          10     0.21792
14          11     0.24532
14          12     0.27637
14          13     0.31296
14          14     0.35878
14          15      0.4204
14          16     0.50557
14          17     0.61086
14          18     0.71755
14          19     0.80962
14          20     0.87915
14          21     0.92259
14          22     0.93844
14          23      0.9265
14          24     0.88757
14          25     0.82335
14          26     0.73638
14          27     0.62991
14          28     0.50778
14          29     0.37432
14          30     0.23418
14          31    0.092165
15           1    0.030789
15           2    0.036493
15           3    0.042969
15           4    0.050237
15           5    0.058315
15           6     0.06722
15           7    0.076976
15           8    0.087629
15           9     0.09927
15          10     0.11208
15          11      0.1264
15          12     0.14292
15          13     0.16311
15          14     0.19045
15          15     0.23482
15          16     0.32483
15          17     0.46964
15          18     0.61086
15          19     0.72604
15          20     0.81195
15          21     0.86787
15          22     0.89373
15          23     0.89002
15          24     0.85796
15          25     0.79949
15          26     0.71729
15          27     0.61471
15          28     0.49568
15          29     0.36462
15          30     0.22624
15          31    0.085426
16           1           0
16           2           0
16           3           0
16           4           0
16           5           0
16           6           0
16           7           0
16           8           0
16           9           0
16          10           0
16          11           0
16          12           0
16          13           0
16          14           0
16          15           0
16          16           0
16          17     0.32483
16          18     0.50557
16          19     0.64072
16          20     0.73994
16          21     0.80606
16          22     0.84032
16          23     0.84382
16          24     0.81808
16          25     0.76518
16          26     0.68791
16          27     0.58966
16          28     0.47443
16          29     0.34665
16          30     0.21107
16          31    0.072597
17           1           0
17           2           0
17           3           0
17           4           0
17           5           0
17           6           0
17           7           0
17           8           0
17           9           0
17          10           0
17          11           0
17          12           0
17          13           0
17          14           0
17          15           0
17          16           0
17          17     0.23482
17          18      0.4204
17          19     0.56292
17          20     0.66903
17          21     0.74148
17          22     0.78165
17          23     0.79075
17          24     0.77033
17          25     0.72252
17          26     0.65007
17          27     0.55639
17          28     0.44545
17          29     0.32165
17          30     0.18975
17          31    0.054637
18           1           0
18           2           0
18           3           0
18           4           0
18           5           0
18           6           0
18           7           0
18           8           0
18           9           0
18          10           0
18          11           0
18          12           0
18          13           0
18          14           0
18          15           0
18          16           0
18          17     0.19045
18          18     0.35878
18          19     0.49665
18          20     0.60278
18          21     0.67727
18          22     0.72052
18          23     0.73333
18          24     0.71702
18          25     0.67357
18          26     0.60566
18          27     0.51659
18          28     0.41025
18          29       0.291
18          30     0.16352
18          31    0.032639
19           1           0
19           2           0
19           3           0
19           4           0
19           5           0
19           6           0
19           7           0
19           8           0
19           9           0
19          10           0
19          11           0
19          12           0
19          13           0
19          14           0
19          15           0
19          16           0
19          17     0.16311
19          18     0.31296
19          19     0.44082
19          20     0.54226
19          21     0.61522
19          22     0.65896
19          23     0.67362
19          24     0.66014
19          25     0.62028
19          26     0.55649
19          27     0.47195
19          28     0.37042
19          29     0.25614
19          30     0.13367
19          31   0.0077705
20           1           0
20           2           0
20           3           0
20           4           0
20           5           0
20           6           0
20           7           0
20           8           0
20           9           0
20          10           0
20          11           0
20          12           0
20          13           0
20          14           0
20          15           0
20          16           0
20          17     0.14292
20          18     0.27637
20          19     0.39278
20          20     0.48704
20          21     0.55607
20          22     0.59827
20          23     0.61321
20          24     0.60142
20          25     0.56436
20          26     0.50427
20          27     0.42411
20          28     0.32749
20          29     0.21849
20          30     0.10153
20          31   -0.018775
21           1           0
21           2           0
21           3           0
21           4           0
21           5           0
21           6           0
21           7           0
21           8           0
21           9           0
21          10           0
21          11           0
21          12           0
21          13           0
21          14           0
21          15           0
21          16           0
21          17      0.1264
21          18     0.24532
21          19     0.35028
21          20     0.43632
21          21         0.5
21          22     0.53928
21          23      0.5533
21          24     0.54227
21          25     0.50734
21          26     0.45053
21          27      0.3746
21          28     0.28294
21          29     0.17945
21          30    0.068373
21          31   -0.045829
22           1           0
22           2           0
22           3           0
22           4           0
22           5           0
22           6           0
22           7           0
22           8           0
22           9           0
22          10           0
22          11           0
22          12           0
22          13           0
22          14           0
22          15           0
22          16           0
22          17     0.11208
22          18     0.21792
22          19      0.3119
22          20      0.3894
22          21     0.44701
22          22     0.48251
22          23     0.49479
22          24     0.48382
22          25     0.45052
22          26     0.39666
22          27      0.3248
22          28     0.23811
22          29      0.1403
22          30    0.035413
22          31   -0.072289
23           1           0
23           2           0
23           3           0
23           4           0
23           5           0
23           6           0
23           7           0
23           8           0
23           9           0
23          10           0
23          11           0
23          12           0
23          13           0
23          14           0
23          15           0
23          16           0
23          17     0.09927
23          18     0.19317
23          19     0.27675
23          20     0.34581
23          21     0.39709
23          22     0.42836
23          23     0.43841
23          24     0.42705
23          25       0.395
23          26     0.34384
23          27     0.27593
23          28     0.19423
23          29     0.10222
23          30   0.0037447
23          31   -0.097152
24           1           0
24           2           0
24           3           0
24           4           0
24           5           0
24           6           0
24           7           0
24           8           0
24           9           0
24          10           0
24          11           0
24          12           0
24          13           0
24          14           0
24          15           0
24          16           0
24          17    0.087629
24          18     0.17055
24          19     0.24437
24          20     0.30529
24          21     0.35026
24          22     0.37715
24          23     0.38473
24          24     0.37272
24          25      0.3417
24          26      0.2931
24          27     0.22905
24          28     0.15234
24          29     0.06623
24          30   -0.025672
24          31    -0.11954
25           1           0
25           2           0
25           3           0
25           4           0
25           5           0
25           6           0
25           7           0
25           8           0
25           9           0
25          10           0
25          11           0
25          12           0
25          13           0
25          14           0
25          15           0
25          16           0
25          17    0.076976
25          18     0.14978
25          19      0.2145
25          20      0.2677
25          21     0.30659
25          22     0.32916
25          23     0.33424
25          24     0.32148
25          25      0.2914
25          26     0.24527
25          27     0.18506
25          28     0.11335
25          29    0.033193
25          30   -0.052031
25          31    -0.13873
26           1           0
26           2           0
26           3           0
26           4           0
26           5           0
26           6           0
26           7           0
26           8           0
26           9           0
26          10           0
26          11           0
26          12           0
26          13           0
26          14           0
26          15           0
26          16           0
26          17     0.06722
26          18     0.13073
26          19     0.18702
26          20     0.23302
26          21     0.26617
26          22     0.28464
26          23     0.28731
26          24     0.27386
26          25     0.24471
26          26     0.20104
26          27     0.14467
26          28    0.077974
26          29   0.0037995
26          30   -0.074694
26          31    -0.15416
27           1           0
27           2           0
27           3           0
27           4           0
27           5           0
27           6           0
27           7           0
27           8           0
27           9           0
27          10           0
27          11           0
27          12           0
27          13           0
27          14           0
27          15           0
27          16           0
27          17    0.058315
27          18     0.11332
27          19     0.16189
27          20     0.20125
27          21     0.22911
27          22     0.24378
27          23     0.24426
27          24     0.23024
27          25     0.20211
27          26     0.16094
27          27     0.10842
27          28    0.046747
27          29   -0.021437
27          30   -0.093198
27          31    -0.16543
28           1           0
28           2           0
28           3           0
28           4           0
28           5           0
28           6           0
28           7           0
28           8           0
28           9           0
28          10           0
28          11           0
28          12           0
28          13           0
28          14           0
28          15           0
28          16           0
28          17    0.050237
28          18    0.097524
28          19     0.13907
28          20      0.1724
28          21     0.19546
28          22     0.20673
28          23      0.2053
28          24     0.19091
28          25     0.16392
28          26     0.12533
28          27    0.076691
28          28    0.020042
28          29   -0.042178
28          30    -0.10725
28          31    -0.17231
29           1           0
29           2           0
29           3           0
29           4           0
29           5           0
29           6           0
29           7           0
29           8           0
29           9           0
29          10           0
29          11           0
29          12           0
29          13           0
29          14           0
29          15           0
29          16           0
29          17    0.042969
29          18    0.083315
29          19     0.11856
29          20     0.14648
29          21     0.16527
29          22     0.17356
29          23     0.17056
29          24     0.15604
29          25     0.13036
29          26    0.094433
29          27    0.049705
29          28  -0.0019392
29          29   -0.058256
29          30    -0.11674
29          31    -0.17476
30           1           0
30           2           0
30           3           0
30           4           0
30           5           0
30           6           0
30           7           0
30           8           0
30           9           0
30          10           0
30          11           0
30          12           0
30          13           0
30          14           0
30          15           0
30          16           0
30          17    0.036493
30          18    0.070662
30          19     0.10031
30          20     0.12346
30          21     0.13852
30          22     0.14429
30          23     0.14008
30          24     0.12569
30          25     0.10148
30          26    0.068317
30          27    0.027526
30          28   -0.019156
30          29   -0.069667
30          30    -0.12171
30          31    -0.17288
31           1           0
31           2           0
31           3           0
31           4           0
31           5           0
31           6           0
31           7           0
31           8           0
31           9           0
31          10           0
31          11           0
31          12           0
31          13           0
31          14           0
31          15           0
31          16           0
31          17    0.030789
31          18    0.059526
31          19    0.084269
31          20     0.10329
31          21     0.11517
31          22     0.11887
31          23     0.11379
31          24    0.099804
31          25    0.077246
31          26    0.046925
31          27    0.010073
31          28   -0.031716
31          29   -0.076557
31          30    -0.12236
31          31    -0.16692
