-1          -1    -0.21695
-1    -0.78947     -0.1895
-1    -0.57895    -0.12928
-1    -0.36842    -0.06122
-1    -0.15789   -0.012234
-1    0.052632  -0.0013822
-1     0.26316   -0.032863
-1     0.47368   -0.094476
-1     0.68421     -0.1621
-1     0.89474    -0.20854
-1      1.1053    -0.21346
-1      1.3158    -0.17087
-1      1.5263   -0.091272
-1      1.7368   0.0020711
-1      1.9474    0.081397
-1      2.1579     0.12418
-1      2.3684     0.12076
-1      2.5789    0.077171
-1      2.7895    0.012356
-1           3   -0.049122
-0.78947          -1     -0.1895
-0.78947    -0.78947    -0.10202
-0.78947    -0.57895    0.021431
-0.78947    -0.36842     0.14383
-0.78947    -0.15789     0.22723
-0.78947    0.052632     0.24535
-0.78947     0.26316     0.19245
-0.78947     0.47368    0.085269
-0.78947     0.68421   -0.042653
-0.78947     0.89474    -0.15218
-0.78947      1.1053     -0.2115
-0.78947      1.3158    -0.20623
-0.78947      1.5263    -0.14332
-0.78947      1.7368   -0.047629
-0.78947      1.9474    0.047404
-0.78947      2.1579      0.1115
-0.78947      2.3684     0.12749
-0.78947      2.5789    0.096113
-0.78947      2.7895    0.034244
-0.78947           3   -0.032363
-0.57895          -1    -0.12928
-0.57895    -0.78947    0.021431
-0.57895    -0.57895      0.2096
-0.57895    -0.36842      0.3867
-0.57895    -0.15789     0.50443
-0.57895    0.052632     0.52977
-0.57895     0.26316     0.45557
-0.57895     0.47368     0.30275
-0.57895     0.68421     0.11368
-0.57895     0.89474    -0.06122
-0.57895      1.1053    -0.17909
-0.57895      1.3158    -0.21718
-0.57895      1.5263    -0.17836
-0.57895      1.7368   -0.088131
-0.57895      1.9474    0.015532
-0.57895      2.1579    0.095623
-0.57895      2.3684      0.1281
-0.57895      2.5789     0.10846
-0.57895      2.7895    0.051062
-0.57895           3   -0.018025
-0.36842          -1    -0.06122
-0.36842    -0.78947     0.14383
-0.36842    -0.57895      0.3867
-0.36842    -0.36842      0.6096
-0.36842    -0.15789      0.7559
-0.36842    0.052632     0.78724
-0.36842     0.26316     0.69532
-0.36842     0.47368     0.50443
-0.36842     0.68421     0.26397
-0.36842     0.89474    0.033406
-0.36842      1.1053     -0.1354
-0.36842      1.3158    -0.21273
-0.36842      1.5263    -0.19782
-0.36842      1.7368    -0.11622
-0.36842      1.9474  -0.0091213
-0.36842      2.1579    0.081397
-0.36842      2.3684      0.1259
-0.36842      2.5789     0.11558
-0.36842      2.7895    0.062496
-0.36842           3  -0.0074503
-0.15789          -1   -0.012234
-0.15789    -0.78947     0.22723
-0.15789    -0.57895     0.50443
-0.15789    -0.36842      0.7559
-0.15789    -0.15789     0.91998
-0.15789    0.052632     0.95505
-0.15789     0.26316     0.85212
-0.15789     0.47368      0.6375
-0.15789     0.68421     0.36489
-0.15789     0.89474    0.099262
-0.15789      1.1053    -0.10202
-0.15789      1.3158    -0.20489
-0.15789      1.5263    -0.20623
-0.15789      1.7368    -0.13147
-0.15789      1.9474   -0.023585
-0.15789      2.1579    0.072353
-0.15789      2.3684     0.12368
-0.15789      2.5789     0.11895
-0.15789      2.7895    0.068708
-0.15789           3  -0.0013821
0.052632          -1  -0.0013822
0.052632    -0.78947     0.24535
0.052632    -0.57895     0.52977
0.052632    -0.36842     0.78724
0.052632    -0.15789     0.95505
0.052632    0.052632     0.99091
0.052632     0.26316     0.88567
0.052632     0.47368     0.66607
0.052632     0.68421      0.3867
0.052632     0.89474     0.11368
0.052632      1.1053   -0.094476
0.052632      1.3158     -0.2028
0.052632      1.5263    -0.20766
0.052632      1.7368    -0.13446
0.052632      1.9474   -0.026534
0.052632      2.1579    0.070447
0.052632      2.3684     0.12315
0.052632      2.5789     0.11957
0.052632      2.7895    0.069935
0.052632           3 -0.00015386
0.26316          -1   -0.032863
0.26316    -0.78947     0.19245
0.26316    -0.57895     0.45557
0.26316    -0.36842     0.69532
0.26316    -0.15789     0.85212
0.26316    0.052632     0.88567
0.26316     0.26316     0.78724
0.26316     0.47368     0.58235
0.26316     0.68421     0.32292
0.26316     0.89474    0.071694
0.26316      1.1053    -0.11622
0.26316      1.3158    -0.20854
0.26316      1.5263     -0.2031
0.26316      1.7368    -0.12542
0.26316      1.9474    -0.01774
0.26316      2.1579    0.076068
0.26316      2.3684     0.12465
0.26316      2.5789     0.11766
0.26316      2.7895    0.066238
0.26316           3  -0.0038244
0.47368          -1   -0.094476
0.47368    -0.78947    0.085269
0.47368    -0.57895     0.30275
0.47368    -0.36842     0.50443
0.47368    -0.15789      0.6375
0.47368    0.052632     0.66607
0.47368     0.26316     0.58235
0.47368     0.47368     0.40908
0.47368     0.68421     0.19245
0.47368     0.89474   -0.012234
0.47368      1.1053    -0.15726
0.47368      1.3158    -0.21613
0.47368      1.5263    -0.18979
0.47368      1.7368     -0.1038
0.47368      1.9474   0.0020711
0.47368      2.1579    0.088047
0.47368      2.3684     0.12715
0.47368      2.5789     0.11258
0.47368      2.7895    0.057448
0.47368           3   -0.012209
0.68421          -1     -0.1621
0.68421    -0.78947   -0.042653
0.68421    -0.57895     0.11368
0.68421    -0.36842     0.26397
0.68421    -0.15789     0.36489
0.68421    0.052632      0.3867
0.68421     0.26316     0.32292
0.68421     0.47368     0.19245
0.68421     0.68421    0.033406
0.68421     0.89474    -0.10926
0.68421      1.1053    -0.19806
0.68421      1.3158    -0.21433
0.68421      1.5263    -0.16299
0.68421      1.7368   -0.069313
0.68421      1.9474    0.030832
0.68421      2.1579     0.10363
0.68421      2.3684     0.12835
0.68421      2.5789     0.10303
0.68421      2.7895    0.043323
0.68421           3   -0.024792
0.89474          -1    -0.20854
0.89474    -0.78947    -0.15218
0.89474    -0.57895    -0.06122
0.89474    -0.36842    0.033406
0.89474    -0.15789    0.099262
0.89474    0.052632     0.11368
0.89474     0.26316    0.071694
0.89474     0.47368   -0.012234
0.89474     0.68421    -0.10926
0.89474     0.89474    -0.18625
0.89474      1.1053    -0.21716
0.89474      1.3158    -0.19189
0.89474      1.5263     -0.1193
0.89474      1.7368   -0.023585
0.89474      1.9474    0.064539
0.89474      2.1579     0.11858
0.89474      2.3684      0.1251
0.89474      2.5789     0.08753
0.89474      2.7895    0.023884
0.89474           3   -0.040552
1.1053          -1    -0.21346
1.1053    -0.78947     -0.2115
1.1053    -0.57895    -0.17909
1.1053    -0.36842     -0.1354
1.1053    -0.15789    -0.10202
1.1053    0.052632   -0.094476
1.1053     0.26316    -0.11622
1.1053     0.47368    -0.15726
1.1053     0.68421    -0.19806
1.1053     0.89474    -0.21716
1.1053      1.1053    -0.19966
1.1053      1.3158    -0.14332
1.1053      1.5263   -0.059966
1.1053      1.7368     0.02835
1.1053      1.9474    0.097039
1.1053      2.1579     0.12761
1.1053      2.3684     0.11411
1.1053      2.5789    0.064996
1.1053      2.7895 -0.00015386
1.1053           3   -0.057791
1.3158          -1    -0.17087
1.3158    -0.78947    -0.20623
1.3158    -0.57895    -0.21718
1.3158    -0.36842    -0.21273
1.3158    -0.15789    -0.20489
1.3158    0.052632     -0.2028
1.3158     0.26316    -0.20854
1.3158     0.47368    -0.21613
1.3158     0.68421    -0.21433
1.3158     0.89474    -0.19189
1.3158      1.1053    -0.14332
1.3158      1.3158   -0.072441
1.3158      1.5263   0.0075289
1.3158      1.7368    0.077877
1.3158      1.9474     0.12072
1.3158      2.1579     0.12548
1.3158      2.3684    0.092972
1.3158      2.5789    0.035542
1.3158      2.7895   -0.026992
1.3158           3   -0.074059
1.5263          -1   -0.091272
1.5263    -0.78947    -0.14332
1.5263    -0.57895    -0.17836
1.5263    -0.36842    -0.19782
1.5263    -0.15789    -0.20623
1.5263    0.052632    -0.20766
1.5263     0.26316     -0.2031
1.5263     0.47368    -0.18979
1.5263     0.68421    -0.16299
1.5263     0.89474     -0.1193
1.5263      1.1053   -0.059966
1.5263      1.3158   0.0075289
1.5263      1.5263    0.070447
1.5263      1.7368     0.11439
1.5263      1.9474     0.12823
1.5263      2.1579     0.10846
1.5263      2.3684     0.06124
1.5263      2.5789    0.001079
1.5263      2.7895   -0.053572
1.5263           3   -0.086305
1.7368          -1   0.0020711
1.7368    -0.78947   -0.047629
1.7368    -0.57895   -0.088131
1.7368    -0.36842    -0.11622
1.7368    -0.15789    -0.13147
1.7368    0.052632    -0.13446
1.7368     0.26316    -0.12542
1.7368     0.47368     -0.1038
1.7368     0.68421   -0.069313
1.7368     0.89474   -0.023585
1.7368      1.1053     0.02835
1.7368      1.3158    0.077877
1.7368      1.5263     0.11439
1.7368      1.7368     0.12837
1.7368      1.9474     0.11486
1.7368      2.1579    0.075981
1.7368      2.3684    0.021307
1.7368      2.5789   -0.034459
1.7368      2.7895   -0.075789
1.7368           3   -0.091317
1.9474          -1    0.081397
1.9474    -0.78947    0.047404
1.9474    -0.57895    0.015532
1.9474    -0.36842  -0.0091213
1.9474    -0.15789   -0.023585
1.9474    0.052632   -0.026534
1.9474     0.26316    -0.01774
1.9474     0.47368   0.0020711
1.9474     0.68421    0.030832
1.9474     0.89474    0.064539
1.9474      1.1053    0.097039
1.9474      1.3158     0.12072
1.9474      1.5263     0.12823
1.9474      1.7368     0.11486
1.9474      1.9474    0.080696
1.9474      2.1579    0.031649
1.9474      2.3684   -0.021439
1.9474      2.5789   -0.065508
1.9474      2.7895   -0.089164
1.9474           3   -0.086431
2.1579          -1     0.12418
2.1579    -0.78947      0.1115
2.1579    -0.57895    0.095623
2.1579    -0.36842    0.081397
2.1579    -0.15789    0.072353
2.1579    0.052632    0.070447
2.1579     0.26316    0.076068
2.1579     0.47368    0.088047
2.1579     0.68421     0.10363
2.1579     0.89474     0.11858
2.1579      1.1053     0.12761
2.1579      1.3158     0.12548
2.1579      1.5263     0.10846
2.1579      1.7368    0.075981
2.1579      1.9474    0.031649
2.1579      2.1579   -0.016875
2.1579      2.3684   -0.059412
2.1579      2.5789   -0.085985
2.1579      2.7895   -0.089939
2.1579           3   -0.070398
2.3684          -1     0.12076
2.3684    -0.78947     0.12749
2.3684    -0.57895      0.1281
2.3684    -0.36842      0.1259
2.3684    -0.15789     0.12368
2.3684    0.052632     0.12315
2.3684     0.26316     0.12465
2.3684     0.47368     0.12715
2.3684     0.68421     0.12835
2.3684     0.89474      0.1251
2.3684      1.1053     0.11411
2.3684      1.3158    0.092972
2.3684      1.5263     0.06124
2.3684      1.7368    0.021307
2.3684      1.9474   -0.021439
2.3684      2.1579   -0.059412
2.3684      2.3684   -0.084601
2.3684      2.5789   -0.090906
2.3684      2.7895   -0.076317
2.3684           3    -0.04413
2.5789          -1    0.077171
2.5789    -0.78947    0.096113
2.5789    -0.57895     0.10846
2.5789    -0.36842     0.11558
2.5789    -0.15789     0.11895
2.5789    0.052632     0.11957
2.5789     0.26316     0.11766
2.5789     0.47368     0.11258
2.5789     0.68421     0.10303
2.5789     0.89474     0.08753
2.5789      1.1053    0.064996
2.5789      1.3158    0.035542
2.5789      1.5263    0.001079
2.5789      1.7368   -0.034459
2.5789      1.9474   -0.065508
2.5789      2.1579   -0.085985
2.5789      2.3684   -0.090906
2.5789      2.5789   -0.078111
2.5789      2.7895    -0.04947
2.5789           3   -0.011054
2.7895          -1    0.012356
2.7895    -0.78947    0.034244
2.7895    -0.57895    0.051062
2.7895    -0.36842    0.062496
2.7895    -0.15789    0.068708
2.7895    0.052632    0.069935
2.7895     0.26316    0.066238
2.7895     0.47368    0.057448
2.7895     0.68421    0.043323
2.7895     0.89474    0.023884
2.7895      1.1053 -0.00015386
2.7895      1.3158   -0.026992
2.7895      1.5263   -0.053572
2.7895      1.7368   -0.075789
2.7895      1.9474   -0.089164
2.7895      2.1579   -0.089939
2.7895      2.3684   -0.076317
2.7895      2.5789    -0.04947
2.7895      2.7895   -0.013895
2.7895           3    0.023193
3          -1   -0.049122
3    -0.78947   -0.032363
3    -0.57895   -0.018025
3    -0.36842  -0.0074503
3    -0.15789  -0.0013821
3    0.052632 -0.00015386
3     0.26316  -0.0038244
3     0.47368   -0.012209
3     0.68421   -0.024792
3     0.89474   -0.040552
3      1.1053   -0.057791
3      1.3158   -0.074059
3      1.5263   -0.086305
3      1.7368   -0.091317
3      1.9474   -0.086431
3      2.1579   -0.070398
3      2.3684    -0.04413
3      2.5789   -0.011054
3      2.7895    0.023193
3           3    0.051811
