0.003198 0.050759 0.713179 5.01e-07
1.057343 0.026417 0.395321 0.002218
1.56941 1.752838 1.964279 194.6688
1.410636 1.121589 0.116711 2.459192
0.953305 0.017604 0.269427 0.000521
0.143245 1.561776 1.727959 3.641707
0.113425 1.345502 0.84109 0.475935
1.832543 1.701547 1.999461 256.8236
0.134863 1.506071 1.524166 2.4175
1.827083 1.728888 1.992118 263.406
1.425313 1.185431 0.265792 6.615073
0.19024 1.805963 1.820947 8.413532
1.955725 0.632706 0.933749 14.97103
0.514412 1.441612 1.255968 8.691103
1.539753 1.651683 1.954597 161.9761
0.873072 0.126997 1.450225 0.125535
0.627877 0.954501 0.016725 0.035649
1.977713 0.337065 1.970665 9.286923
1.736231 1.985806 0.219122 25.29245
1.199153 0.30488 1.997693 2.299873

