         0         0   -0.1472
    0.0714         0   -0.1541
    0.1429         0   -0.1435
    0.2143         0   -0.1155
    0.2857         0   -0.0734
    0.3571         0   -0.0234
    0.4286         0    0.0258
    0.5000         0    0.0640
    0.5714         0    0.0817
    0.6429         0    0.0714
    0.7143         0    0.0305
    0.7857         0   -0.0379
    0.8571         0   -0.1248
    0.9286         0   -0.2158
    1.0000         0   -0.2945
         0    0.0714   -0.0618
    0.0714    0.0714   -0.0422
    0.1429    0.0714   -0.0039
    0.2143    0.0714    0.0522
    0.2857    0.0714    0.1216
    0.3571    0.0714    0.1970
    0.4286    0.0714    0.2679
    0.5000    0.0714    0.3224
    0.5714    0.0714    0.3480
    0.6429    0.0714    0.3351
    0.7143    0.0714    0.2789
    0.7857    0.0714    0.1821
    0.8571    0.0714    0.0552
    0.9286    0.0714   -0.0845
    1.0000    0.0714   -0.2158
         0    0.1429    0.0187
    0.0714    0.1429    0.0591
    0.1429    0.1429    0.1188
    0.2143    0.1429    0.1963
    0.2857    0.1429    0.2869
    0.3571    0.1429    0.3832
    0.4286    0.1429    0.4742
    0.5000    0.1429    0.5465
    0.5714    0.1429    0.5852
    0.6429    0.1429    0.5770
    0.7143    0.1429    0.5139
    0.7857    0.1429    0.3972
    0.8571    0.1429    0.2377
    0.9286    0.1429    0.0552
    1.0000    0.1429   -0.1248
         0    0.2143    0.0775
    0.0714    0.2143    0.1299
    0.1429    0.2143    0.2009
    0.2143    0.2143    0.2891
    0.2857    0.2143    0.3908
    0.3571    0.2143    0.4998
    0.4286    0.2143    0.6066
    0.5000    0.2143    0.6977
    0.5714    0.2143    0.7555
    0.6429    0.2143    0.7617
    0.7143    0.2143    0.7032
    0.7857    0.2143    0.5781
    0.8571    0.2143    0.3972
    0.9286    0.2143    0.1821
    1.0000    0.2143   -0.0379
         0    0.2857    0.1039
    0.0714    0.2857    0.1573
    0.1429    0.2857    0.2270
    0.2143    0.2857    0.3124
    0.2857    0.2857    0.4115
    0.3571    0.2857    0.5211
    0.4286    0.2857    0.6359
    0.5000    0.2857    0.7457
    0.5714    0.2857    0.8305
    0.6429    0.2857    0.8634
    0.7143    0.2857    0.8231
    0.7857    0.2857    0.7032
    0.8571    0.2857    0.5139
    0.9286    0.2857    0.2789
    1.0000    0.2857    0.0305
         0    0.3571    0.0948
    0.0714    0.3571    0.1381
    0.1429    0.3571    0.1938
    0.2143    0.3571    0.2619
    0.2857    0.3571    0.3423
    0.3571    0.3571    0.4357
    0.4286    0.3571    0.5453
    0.5000    0.3571    0.6722
    0.5714    0.3571    0.7961
    0.6429    0.3571    0.8715
    0.7143    0.3571    0.8634
    0.7857    0.3571    0.7617
    0.8571    0.3571    0.5770
    0.9286    0.3571    0.3351
    1.0000    0.3571    0.0714
         0    0.4286    0.0559
    0.0714    0.4286    0.0801
    0.1429    0.4286    0.1110
    0.2143    0.4286    0.1489
    0.2857    0.4286    0.1946
    0.3571    0.4286    0.2508
    0.4286    0.4286    0.3288
    0.5000    0.4286    0.4651
    0.5714    0.4286    0.6577
    0.6429    0.4286    0.7961
    0.7143    0.4286    0.8305
    0.7857    0.4286    0.7555
    0.8571    0.4286    0.5852
    0.9286    0.4286    0.3480
    1.0000    0.4286    0.0817
         0    0.5000         0
    0.0714    0.5000         0
    0.1429    0.5000         0
    0.2143    0.5000         0
    0.2857    0.5000         0
    0.3571    0.5000         0
    0.4286    0.5000         0
    0.5000    0.5000         0
    0.5714    0.5000    0.4651
    0.6429    0.5000    0.6722
    0.7143    0.5000    0.7457
    0.7857    0.5000    0.6977
    0.8571    0.5000    0.5465
    0.9286    0.5000    0.3224
    1.0000    0.5000    0.0640
         0    0.5714         0
    0.0714    0.5714         0
    0.1429    0.5714         0
    0.2143    0.5714         0
    0.2857    0.5714         0
    0.3571    0.5714         0
    0.4286    0.5714         0
    0.5000    0.5714         0
    0.5714    0.5714    0.3288
    0.6429    0.5714    0.5453
    0.7143    0.5714    0.6359
    0.7857    0.5714    0.6066
    0.8571    0.5714    0.4742
    0.9286    0.5714    0.2679
    1.0000    0.5714    0.0258
         0    0.6429         0
    0.0714    0.6429         0
    0.1429    0.6429         0
    0.2143    0.6429         0
    0.2857    0.6429         0
    0.3571    0.6429         0
    0.4286    0.6429         0
    0.5000    0.6429         0
    0.5714    0.6429    0.2508
    0.6429    0.6429    0.4357
    0.7143    0.6429    0.5211
    0.7857    0.6429    0.4998
    0.8571    0.6429    0.3832
    0.9286    0.6429    0.1970
    1.0000    0.6429   -0.0234
         0    0.7143         0
    0.0714    0.7143         0
    0.1429    0.7143         0
    0.2143    0.7143         0
    0.2857    0.7143         0
    0.3571    0.7143         0
    0.4286    0.7143         0
    0.5000    0.7143         0
    0.5714    0.7143    0.1946
    0.6429    0.7143    0.3423
    0.7143    0.7143    0.4115
    0.7857    0.7143    0.3908
    0.8571    0.7143    0.2869
    0.9286    0.7143    0.1216
    1.0000    0.7143   -0.0734
         0    0.7857         0
    0.0714    0.7857         0
    0.1429    0.7857         0
    0.2143    0.7857         0
    0.2857    0.7857         0
    0.3571    0.7857         0
    0.4286    0.7857         0
    0.5000    0.7857         0
    0.5714    0.7857    0.1489
    0.6429    0.7857    0.2619
    0.7143    0.7857    0.3124
    0.7857    0.7857    0.2891
    0.8571    0.7857    0.1963
    0.9286    0.7857    0.0522
    1.0000    0.7857   -0.1155
         0    0.8571         0
    0.0714    0.8571         0
    0.1429    0.8571         0
    0.2143    0.8571         0
    0.2857    0.8571         0
    0.3571    0.8571         0
    0.4286    0.8571         0
    0.5000    0.8571         0
    0.5714    0.8571    0.1110
    0.6429    0.8571    0.1938
    0.7143    0.8571    0.2270
    0.7857    0.8571    0.2009
    0.8571    0.8571    0.1188
    0.9286    0.8571   -0.0039
    1.0000    0.8571   -0.1435
         0    0.9286         0
    0.0714    0.9286         0
    0.1429    0.9286         0
    0.2143    0.9286         0
    0.2857    0.9286         0
    0.3571    0.9286         0
    0.4286    0.9286         0
    0.5000    0.9286         0
    0.5714    0.9286    0.0801
    0.6429    0.9286    0.1381
    0.7143    0.9286    0.1573
    0.7857    0.9286    0.1299
    0.8571    0.9286    0.0591
    0.9286    0.9286   -0.0422
    1.0000    0.9286   -0.1541
         0    1.0000         0
    0.0714    1.0000         0
    0.1429    1.0000         0
    0.2143    1.0000         0
    0.2857    1.0000         0
    0.3571    1.0000         0
    0.4286    1.0000         0
    0.5000    1.0000         0
    0.5714    1.0000    0.0559
    0.6429    1.0000    0.0948
    0.7143    1.0000    0.1039
    0.7857    1.0000    0.0775
    0.8571    1.0000    0.0187
    0.9286    1.0000   -0.0618
    1.0000    1.0000   -0.1472
