   -3.0000  294.0000
   -2.8800  243.0313
   -2.7600  199.4460
   -2.6400  162.3983
   -2.5200  131.1115
   -2.4000  104.8742
   -2.2800   83.0380
   -2.1600   65.0139
   -2.0400   50.2699
   -1.9200   38.3277
   -1.8000   28.7597
   -1.6800   21.1860
   -1.5600   15.2718
   -1.4400   10.7237
   -1.3200    7.2874
   -1.2000    4.7443
   -1.0800    2.9088
   -0.9600    1.6248
   -0.8400    0.7636
   -0.7200    0.2200
   -0.6000   -0.0902
   -0.4800   -0.2333
   -0.3600   -0.2606
   -0.2400   -0.2116
   -0.1200   -0.1165
         0         0
    0.1200    0.1165
    0.2400    0.2116
    0.3600    0.2606
    0.4800    0.2333
    0.6000    0.0902
    0.7200   -0.2200
    0.8400   -0.7636
    0.9600   -1.6248
    1.0800   -2.9088
    1.2000   -4.7443
    1.3200   -7.2874
    1.4400  -10.7237
    1.5600  -15.2718
    1.6800  -21.1860
    1.8000  -28.7597
    1.9200  -38.3277
    2.0400  -50.2699
    2.1600  -65.0139
    2.2800  -83.0380
    2.4000 -104.8742
    2.5200 -131.1115
    2.6400 -162.3983
    2.7600 -199.4460
    2.8800 -243.0313
    3.0000 -294.0000
