1                0     0.3638610658
1           0.0005     0.4755111897
1            0.001     0.563768596
1           0.0015     0.6383474021
1            0.002     0.7038364748
1           0.0025     0.762787324
1            0.003     0.8167757707
1           0.0035     0.8668489797
1            0.004     0.9137413887
1           0.0045     0.9579898798
1            0.005     1
2                0     0.2514790524
2           0.0005     0.4035112519
2            0.001     0.5092662224
2           0.0015     0.5937843459
2            0.002     0.6657490338
2           0.0025     0.729286158
2            0.003     0.786710883
2           0.0035     0.8394653057
2            0.004     0.88851482
2           0.0045     0.9345407892
2            0.005     0.9780439892
3                0     0.1953874802
3           0.0005     0.3743789631
3            0.001     0.4887097667
3           0.0015     0.5775449227
3            0.002     0.6521463555
3           0.0025     0.7174775769
3            0.003     0.7762104584
3           0.0035     0.8299657544
3            0.004     0.8798086708
3           0.0045     0.9264809152
3            0.005     0.9705219989
4                0     0.159226994
4           0.0005     0.3583894449
4            0.001     0.4778567387
4           0.0015     0.5691140658
4            0.002     0.6451493018
4           0.0025     0.7114384067
4            0.003     0.7708614062
4           0.0035     0.8251402838
4            0.004     0.8753956701
4           0.0045     0.9224022921
4            0.005     0.9667206201
5                0     0.1330430914
5           0.0005     0.3482412254
5            0.001     0.4711384661
5           0.0015     0.563947645
5            0.002     0.6408844916
5           0.0025     0.707769574
5            0.003     0.7676190304
5           0.0035     0.8222199223
5            0.004     0.8727281048
5           0.0045     0.9199391171
5            0.005     0.9644265579
6                0     0.112764884
6           0.0005     0.3412147
6            0.001     0.4665674952
6           0.0015     0.5604562499
6            0.002     0.6380125505
6           0.0025     0.705304261
6            0.003     0.7654433978
6           0.0035     0.8202623571
6            0.004     0.8709413506
6           0.0045     0.9182902321
6            0.005     0.962891594
7                0     0.09635422736
7           0.0005     0.3360566888
7            0.001     0.4632552819
7           0.0015     0.5579385961
7            0.002     0.6359467618
7           0.0025     0.7035336335
7            0.003     0.7638823888
7           0.0035     0.8188588089
7            0.004     0.8696609486
7           0.0045     0.9171091096
7            0.005     0.9617924298
8                0     0.08265452578
8           0.0005     0.3321072952
8            0.001     0.4607444276
8           0.0015     0.5560370506
8            0.002     0.634389414
8           0.0025     0.7022002948
8            0.003     0.7627077708
8           0.0035     0.81780323
8            0.004     0.8686983604
8           0.0045     0.9162214243
8            0.005     0.9609665371
9                0     0.07095050573
9           0.0005     0.3289852936
9            0.001     0.4587753248
9           0.0015     0.5545500551
9            0.002     0.6331733406
9           0.0025     0.7011600415
9            0.003     0.7617918727
9           0.0035     0.8169804835
9            0.004     0.8679483176
9           0.0045     0.9155299045
9            0.005     0.9603232717
10                 0     0.060771078865
10            0.0005     0.32645482674
10             0.001     0.45718962629
10            0.0015     0.55335534355
10             0.002     0.63219742731
10            0.0025     0.70032580022
10             0.003     0.76105769218
10            0.0035     0.81632118395
10             0.004     0.86734742085
10            0.0045     0.91497599419
10             0.005     0.95980808741
11                 0     0.051790663051
11            0.0005     0.32436204457
11             0.001     0.45588524148
11            0.0015     0.55237443534
11             0.002     0.63139691775
11            0.0025     0.69964188311
11             0.003     0.76045602767
11            0.0035     0.81578102517
11             0.004     0.86685520567
11            0.0045     0.91452233426
11             0.005     0.95938619388
12                 0     0.04377549538
12            0.0005     0.32260226617
12             0.001     0.4547933829
12            0.0015     0.55155464279
12             0.002     0.63072841864
12            0.0025     0.69907101534
12             0.003     0.75995397006
12            0.0035     0.81533038798
12             0.004     0.86644463172
12            0.0045     0.91414396683
12             0.005     0.95903435467
13                 0     0.036552463916
13            0.0005     0.321101768
13             0.001     0.45386600636
13            0.0015     0.55085927813
13             0.002     0.63016176073
13            0.0025     0.69858730545
13             0.003     0.7595286744
13            0.0035     0.81494872008
13             0.004     0.86609694208
13            0.0045     0.91382358388
13             0.005     0.9587364587
14                 0     0.029990044222
14            0.0005     0.31980711621
14             0.001     0.45306853801
14            0.0015     0.55026200792
14             0.002     0.6296753176
14            0.0025     0.69817220796
14             0.003     0.75916378575
14            0.0035     0.81462131326
14             0.004     0.86579871703
14            0.0045     0.9135488048
14             0.005     0.95848098347
15                 0     0.023986129044
15            0.0005     0.31867862966
15             0.001     0.45237546159
15            0.0015     0.54974344058
15             0.002     0.62925318169
15            0.0025     0.69781209061
15             0.003     0.75884728732
15            0.0035     0.81433736396
15             0.004     0.8655401017
15            0.0045     0.91331053944
15             0.005     0.95825947004
16                 0     0.018459974813
16            0.0005     0.31768621921
16             0.001     0.45176753404
16            0.0015     0.5492889802
16             0.002     0.62888339102
16            0.0025     0.69749670826
16             0.003     0.7585701515
16            0.0035     0.81408875822
16             0.004     0.86531369609
16            0.0045     0.91310196308
16             0.005     0.95806556835
17                 0     0.013346707342
17            0.0005     0.31680665243
17             0.001     0.45122996894
17            0.0015     0.5488874302
17             0.002     0.6285567773
17            0.0025     0.69721821247
17             0.003     0.75832546485
17            0.0035     0.81386928369
17             0.004     0.86511383549
17            0.0045     0.91291785202
17             0.005     0.95789441852
18                 0     0.0085934737395
18            0.0005     0.31602170443
18             0.001     0.45075121671
18            0.0015     0.54853005812
18             0.002     0.62826619534
18            0.0025     0.69697048934
18             0.003     0.75810784337
18            0.0035     0.81367410338
18             0.004     0.86493610995
18            0.0045     0.91275414017
18             0.005     0.957742238
19                 0     0.0041566849877
19            0.0005     0.31531687687
19             0.001     0.45032212477
19            0.0015     0.54820995306
19             0.002     0.62800599412
19            0.0025     0.69674870541
19             0.003     0.75791303175
19            0.0035     0.81349939501
19             0.004     0.86477703512
19            0.0045     0.91260761516
19             0.005     0.95760603869
20                 0     0
20            0.0005     0.31468049124
20             0.001     0.44993534626
20            0.0015     0.54792157421
20             0.002     0.62777164568
20            0.0025     0.69654898913
20             0.003     0.75773762234
20            0.0035     0.81334209818
20             0.004     0.86463382152
20            0.0045     0.9124757055
20             0.005     0.95748342876
