   -3.0000 -801.0000
   -2.8800 -631.1331
   -2.7600 -492.4430
   -2.6400 -380.1563
   -2.5200 -290.0734
   -2.4000 -218.5206
   -2.2800 -162.3032
   -2.1600 -118.6622
   -2.0400  -85.2317
   -1.9200  -59.9996
   -1.8000  -41.2698
   -1.6800  -27.6266
   -1.5600  -17.9016
   -1.4400  -11.1423
   -1.3200   -6.5834
   -1.2000   -3.6196
   -1.0800   -1.7810
   -0.9600   -0.7105
   -0.8400   -0.1436
   -0.7200    0.1103
   -0.6000    0.1837
   -0.4800    0.1651
   -0.3600    0.1106
   -0.2400    0.0541
   -0.1200    0.0142
         0         0
    0.1200    0.0142
    0.2400    0.0541
    0.3600    0.1106
    0.4800    0.1651
    0.6000    0.1837
    0.7200    0.1103
    0.8400   -0.1436
    0.9600   -0.7105
    1.0800   -1.7810
    1.2000   -3.6196
    1.3200   -6.5834
    1.4400  -11.1423
    1.5600  -17.9016
    1.6800  -27.6266
    1.8000  -41.2698
    1.9200  -59.9996
    2.0400  -85.2317
    2.1600 -118.6622
    2.2800 -162.3032
    2.4000 -218.5206
    2.5200 -290.0734
    2.6400 -380.1563
    2.7600 -492.4430
    2.8800 -631.1331
    3.0000 -801.0000
